training/096e1728-7601-44c7-88e7-f4e90c86c724.jpg 81,112,142,213,0 146,131,203,230,2 
training/09ee2a5c-1cd2-49c3-b434-ff2eb29e4a16.jpg 138,124,184,192,0 
training/17e1b59b-79e6-41ad-80fa-fdaf751e2623.jpg 265,86,320,148,6 
training/0992c3c0-3990-4198-af21-1ac5c343c57f.jpg 116,82,201,230,1 
training/07fa9975-d3e0-413f-a1ee-143323e4134c.jpg 135,109,190,206,1 
training/045e6d2d-2c78-43ee-9b61-bce38807d79f.jpg 137,117,166,177,1 
training/0b3bed21-de45-4eac-a598-e33c0593851b.jpg 125,100,197,218,2 
training/07850459-dd7f-4ceb-b92b-59f7f9b30b93.jpg 140,115,188,201,0 
training/1335ae15-2e65-49b8-9afc-b6bfeaaa1f0a.jpg 144,116,188,194,0 1,130,49,206,0 
training/0a8b5072-1a86-4669-9a51-9534fa49095d.jpg 142,125,177,203,1 
training/140691e5-8845-4273-85c7-5607ae92490b.jpg 137,135,180,203,1 
training/17cf23d2-9c81-456a-945a-5bf4ddf5aa51.jpg 106,141,207,182,5 
training/0b4d9d80-fd07-4c8f-9b63-e83cf16573d4.jpg 128,101,195,223,1 194,149,257,248,2 
training/05a77d6e-9ef1-4859-ae0e-1f438d31f5f0.jpg 129,91,192,197,0 
training/126bfeb3-2627-4421-8e77-1396cb38666a.jpg 142,128,179,194,2 
training/0b9c33ca-a188-4666-af11-b86c1dde76e6.jpg 65,65,131,187,1 130,112,189,214,2 
training/12be4239-4208-455d-a080-d0d8c4426109.jpg 134,123,176,199,1 69,177,91,227,1 25,131,70,203,2 
training/169e614c-7d46-4e68-8294-5df0b55353e0.jpg 121,141,210,178,3 
training/15aa6c04-3be5-4746-b671-b95b36b3a47a.jpg 127,97,192,214,0 
training/137a4996-a7cd-417f-a3fc-20ab1bf68f08.jpg 134,112,189,209,1 
training/0601e0d2-5f49-46ea-8ca0-a702e3a3c3f0.jpg 130,88,196,192,0 
training/17f22eb5-c9e7-4b61-8217-a15089704e80.jpg 75,146,107,199,1 142,142,177,196,1 
training/0f66d445-4197-459d-86f3-58cb487e8d3e.jpg 106,136,217,183,3 
training/0199a502-e82f-4c51-9538-31c75bb74013.jpg 127,116,189,208,1 237,90,292,184,1 
training/15e0c5a8-0808-4b95-bd8e-503bf5da8735.jpg 151,150,186,168,3 
training/0ab0d939-0b99-44d7-8e4f-bc162bddc724.jpg 132,116,193,204,1 226,89,281,185,2 
training/184f4b61-f490-48a6-a5ea-8e31c2641956.jpg 137,110,186,203,0 
training/03e8db08-3a17-4a5b-a9e9-90597d03f51f.jpg 133,127,292,193,3 
training/01e08993-a415-482a-a7c6-60f358279924.jpg 102,97,181,233,3 
training/157749a7-af2f-4004-94b2-0f934637ad21.jpg 118,135,201,168,3 
training/18f379b1-d9bb-469a-b82b-1b593eebc7da.jpg 69,70,186,164,6 
training/1983602e-b4e8-4c14-ad37-98ea9e1fd742.jpg 182,101,231,189,1 
training/0489ecd4-bb0c-406d-abc7-a4cd1ab0d24a.jpg 140,108,199,216,0 
training/04ea8e16-0d0e-4da6-8867-f5be6de8ff4b.jpg 138,136,182,204,0 
training/0e573824-f151-4a46-b2d2-d5bda158093d.jpg 137,111,188,215,1 254,113,310,212,0 
training/15565db7-db88-459b-94b2-a21a8af4f6f8.jpg 235,135,263,185,0 145,136,174,187,0 
training/14b9e8c1-8551-4863-8879-ef5a8b37d3be.jpg 105,66,212,270,1 
training/15e9c62c-d4d9-4fb3-a692-23f32858d430.jpg 132,64,209,243,4 
training/17845aeb-3fe9-4072-93af-caf848a25474.jpg 131,111,191,199,0 
training/0480ca8c-192a-438b-a30e-6500ca889117.jpg 132,109,189,211,0 
training/19f69a78-3e98-49a4-932b-4570f906d1f1.jpg 129,95,190,206,0 
training/08010c4d-97c4-4d52-a4e4-a1dd072920ab.jpg 133,111,186,207,0 
training/14a0f909-47fa-4fda-a091-b199674c199e.jpg 119,135,223,178,5 
training/0b0856d4-446b-4108-991b-00d963799385.jpg 53,115,221,214,4 260,183,320,275,4 
training/11706a12-98a0-4967-b9fd-8ac3403c4b6a.jpg 72,130,237,194,4 
training/19ea611b-092d-402c-86e0-94a9cbb99552.jpg 113,140,197,178,4 
training/18f9543f-4eda-4950-a88b-8ff5e1e0a33a.jpg 137,112,184,199,0 185,86,247,184,2 
training/15e3f4ea-01f3-439f-a66a-8665f090c428.jpg 143,131,174,186,0 0,124,19,183,0 
training/1aa4671c-1769-42e9-a771-14821b6385c9.jpg 121,91,198,228,0 
training/149a6cfc-30a5-424a-acbb-7d61f4be5450.jpg 49,0,267,319,2 
training/08ed40ad-7e21-4a7d-a517-4b4bb07ef2c1.jpg 135,114,190,207,0 
training/1588df6d-9b2f-40a9-a23a-b052738f7153.jpg 128,105,188,213,2 
training/16393dc0-8424-4ed2-b6c0-79c89e52e612.jpg 193,142,287,177,3 
training/096bb73f-a3fb-426d-8de0-ca019a2eb88a.jpg 128,113,184,212,2 
training/1482d39d-d6df-4a11-a0b0-a1800666fec7.jpg 116,85,194,233,1 
training/11cf76d3-33e1-495b-bd15-46ce57e8c8f2.jpg 105,149,167,171,4 
training/02708ebb-634b-43bc-8cee-cc752a2760cc.jpg 140,129,181,181,0 
training/124b5ecd-a15d-42be-b8ba-384a198c525f.jpg 116,0,201,163,1 
training/0f468f10-93fa-4dc3-bd45-592b506f63fa.jpg 143,131,306,195,5 
training/000c59d4-ea20-4e84-8cf1-29243e9ef956.jpg 119,92,192,231,1 
training/1c558661-cf97-47dd-bb04-6233aaf82e8c.jpg 131,34,194,156,1 
training/128323ee-8102-4855-a20a-2f3f42649055.jpg 27,103,84,204,1 
training/18340e26-58c3-4548-80a4-ed9b5a2bbc79.jpg 0,31,75,216,4 95,66,265,251,6 
training/03099ea3-d8e0-4602-a81d-fe16879050a5.jpg 31,126,69,191,1 
training/15851d5e-358a-4c2e-a1f1-8a65d0d17c77.jpg 123,110,188,218,0 
training/0e3d927b-f580-42c0-926c-0ef284b26f75.jpg 128,109,189,215,0 
training/0f33a820-9752-4485-ab12-53ec8f6e45b2.jpg 122,97,194,225,1 
training/1c6b65c6-75ae-4545-8918-ea34a4927697.jpg 138,126,254,190,6 
training/0cc38f8d-4e41-4f25-8203-9a127a48f25f.jpg 30,67,123,231,1 120,87,207,242,2 
training/0cd37ecc-27b1-4ce0-8390-c3ae83da1882.jpg 145,133,180,193,1 
training/0c56cf8d-59e6-4e76-ad42-201718728c5f.jpg 138,110,177,197,2 
training/0d8f7899-9889-4392-9695-c4cc7e4aa40f.jpg 59,115,260,208,4 
training/0dc293ca-8ca8-4a6b-9244-3be4d57f8719.jpg 124,136,208,174,3 
training/03ee6780-22e9-4825-86fc-65f46cec4632.jpg 137,137,166,182,1 165,140,183,186,1 
training/096464f0-f5c1-4701-99df-ad1cdbd64e2b.jpg 103,105,270,214,3 
training/14f4b7a0-b2fa-4144-83e9-a37b6b5d9d81.jpg 130,117,182,209,1 
training/04b13a29-5e70-4624-923c-fb89979d8e91.jpg 147,125,180,194,1 183,123,222,199,2 
training/14b1db25-9e91-4d7c-94b4-e9aa85449a02.jpg 134,110,188,208,0 
training/19d11f90-a0d6-42ed-8212-fa1e968fe473.jpg 136,121,192,217,0 208,95,262,198,1 
training/11d65444-0121-4469-ab26-581ebe72efb0.jpg 137,125,171,183,0 162,141,189,195,2 288,125,320,185,0 
training/043ded6c-b5a2-4339-ad54-6f2fcad43ea1.jpg 130,104,191,203,0 
training/0c2610b7-217a-4c8b-8ed8-504e9d4e8653.jpg 133,117,180,206,0 
training/083f957f-1e31-4fd0-8c59-6c13a1434fdd.jpg 134,127,178,205,1 191,115,248,200,1 
training/0041e623-5002-47bb-b25f-a593ac8f766b.jpg 141,125,189,197,1 184,225,223,294,1 
training/1b889618-4f40-4021-98df-e0e58d719e1a.jpg 142,128,174,186,1 
training/0ff52f67-a372-41c8-b3b1-701806b38c6b.jpg 0,0,133,319,2 
training/0f70f5f9-5486-473d-88d7-62cc94523cc0.jpg 115,76,207,241,1 
training/0e7724d5-0e0d-4441-8bca-b369e8833d20.jpg 105,94,216,250,3 
training/155ad8b5-5011-4dd7-8eed-577ca96334f5.jpg 139,121,188,201,1 
training/0ad19566-9d4f-484a-8eb8-d058b518f07d.jpg 92,113,223,208,4 242,110,320,238,6 
training/10113f82-bc33-4388-8f86-c2e5461096f6.jpg 78,128,214,186,4 
training/0328aa2d-c783-430b-9be1-5740264c529f.jpg 142,127,182,203,0 
training/1d6197d2-3638-48a7-b4ac-1df606623cd6.jpg 132,111,190,210,1 75,122,113,213,2 
training/09bdb6b6-4955-4b6b-93c1-baa94049a040.jpg 143,136,177,179,1 
training/072c4e90-306f-4c74-ad67-524fdb217130.jpg 126,106,186,212,0 
training/126c7905-c474-4fb2-ac79-caaff9dd17a3.jpg 136,118,177,202,1 
training/191ec1b6-3a29-4d0e-95ff-0fcb3316f90c.jpg 128,107,193,220,1 
training/08947f31-b899-4a92-9a57-beefee25883c.jpg 133,122,181,200,1 
training/1150b85e-875a-4c9e-a6e1-ea6516afb3ac.jpg 126,104,197,217,0 59,149,112,243,2 31,159,84,255,2 
training/0503f845-a0f5-4b26-bb1b-ebd340eff647.jpg 86,137,206,190,4 
training/0c9efcc9-5423-4c6d-af91-0ea46ef88027.jpg 195,40,253,127,1 
training/1ca714ea-191c-4c49-8aec-e627ac36530d.jpg 129,118,187,217,1 
training/0869eef2-f827-401a-9404-9840ef35523f.jpg 136,127,179,200,0 180,232,223,306,0 223,236,264,312,2 
training/1446c8d5-b4bf-43cb-9ae4-e7c600a7a3e4.jpg 125,98,202,218,0 
training/17edaedb-109b-470d-9a23-c607a4cfdba9.jpg 156,93,244,228,0 
training/19408178-8e3b-4b3a-b666-a79bf90ae18d.jpg 125,110,183,214,2 
training/1fbc6a35-d629-493e-824e-979d2b99d591.jpg 51,243,74,285,1 
training/0384e04c-b6e3-4a3d-af1e-264f0dcc64a6.jpg 130,116,183,209,0 
training/1227d609-b898-433e-839a-3ec12958e432.jpg 141,130,174,190,1 
training/11a62dcf-b243-4f78-b966-6656bd27ad86.jpg 132,121,181,204,1 193,114,223,189,1 
training/1628c6b4-f01c-4b0d-9ca8-17933f14abc6.jpg 82,129,228,189,3 
training/191b946e-b7fe-4061-b9b9-8c4a7766d7fb.jpg 136,119,178,194,0 
training/1fd7f838-d792-4a1c-b68a-9408efcd6a27.jpg 131,111,188,212,0 
training/0d8d03b1-eef1-4130-af8a-59f4d560f6a1.jpg 123,91,198,225,0 
training/0fe4a838-b784-47c8-9d59-510feffedfa2.jpg 150,117,189,186,0 
training/07a09f81-b0cf-4b0b-a96a-8e1f19a3a04b.jpg 132,240,192,320,2 
training/12a75639-2957-4e40-b5eb-7fae2a3ed0dd.jpg 206,124,300,157,4 
training/1d7f0338-4009-429d-9553-839b1b2b9d64.jpg 132,107,188,213,1 
training/0ba21ded-59e9-4a27-982d-4992b6a89db2.jpg 142,120,177,185,0 
training/196a7112-4dad-4ad9-9a59-5bc45cd334de.jpg 128,139,209,174,4 
training/1a43479b-139f-4c99-be17-a459a948a528.jpg 128,100,190,217,1 
training/04bb30a7-75e9-4471-be1c-6646287cf691.jpg 68,120,259,200,4 
training/0535fc44-660f-42fc-a72a-ce9789b4b70f.jpg 124,230,194,320,0 
training/03c14b01-0d9c-4e73-af2e-b24ff6a198b9.jpg 138,114,185,201,0 
training/0be9acd7-4405-4d86-bbee-d56b21c6e40c.jpg 149,140,173,178,0 
training/0a42563e-c202-46ba-8908-239289094276.jpg 122,87,195,219,0 
training/03649e5c-e723-4b65-ae50-c96379167a1a.jpg 140,127,183,195,1 
training/1ad23635-9a39-4778-a141-7908506f49c3.jpg 150,152,184,168,3 271,145,305,161,6 
training/09e0741c-0849-416e-87d2-ee70dc544539.jpg 123,109,197,215,0 233,95,301,208,0 
training/18bf0baa-a689-4f52-bcda-90cf076e4315.jpg 108,145,175,172,4 
training/161e584b-3674-46cf-943d-294c2b80c320.jpg 83,129,236,193,6 
training/1b30b7c0-afa8-48cc-b69c-ab57fbf49927.jpg 0,31,87,310,2 
training/18d2ff9f-793b-4b43-99ca-01fdb109fcb5.jpg 137,120,183,196,2 
training/0911b9e1-d83f-4f12-8d78-0d4af202e7b8.jpg 241,95,319,223,0 
training/0f9adaf6-c3aa-4405-8eff-dfa68bd52430.jpg 0,0,275,178,4 
training/1dffb883-df02-4a08-8b17-25ba02f3798c.jpg 130,115,183,205,2 
training/053d2293-90c6-4051-9076-ba26d44d2bea.jpg 42,127,88,191,2 229,136,269,193,2 
training/19dcb44e-d5e8-4126-89d1-f7ac3b5fe28b.jpg 79,119,244,196,3 
training/055869c3-d3fa-43fa-acdd-dbca07f686fa.jpg 133,115,185,205,1 
training/05559f9a-6c5f-455d-b870-dc280eaf4c41.jpg 86,107,136,189,1 
training/05041074-47ca-4b40-99b3-ad2c36bd35af.jpg 129,118,190,210,2 
training/0327ae4e-9317-48fc-b963-e4895898532b.jpg 131,113,195,211,0 
training/05c7ff4c-52b1-4f26-86cd-11a60cdc51cb.jpg 46,290,100,319,1 
training/04ac6d58-695a-4469-a370-f3273fafbd52.jpg 83,91,184,160,4 
training/188ecf60-d9ae-44b5-b3b0-a27a55379e5f.jpg 79,120,241,191,3 42,169,189,228,6 
training/1cfa44bd-3e00-4f23-bb8b-6ef6c4c84043.jpg 138,114,192,204,0 121,148,153,228,2 
training/1f4446a3-e98c-418f-9008-f4988fda50c4.jpg 147,131,179,184,0 
training/051aa26e-3e11-4fcf-b1a3-d953692d4ad7.jpg 135,129,180,214,0 
training/09fd3d2a-930d-4f7b-ae14-bb47b6dc6b87.jpg 206,0,320,307,2 
training/11ae3df4-5f1c-463b-bc63-fb37e86983ce.jpg 72,136,103,198,2 126,153,156,206,2 148,135,179,193,2 
training/11af5faf-d095-48c2-9a71-fc49e8c885e8.jpg 131,109,187,211,0 72,0,128,176,6 
training/0cb32922-8227-4010-af4b-542e11d21640.jpg 0,189,58,227,6 
training/02fef00c-8a77-418e-b965-e43a0e4dd958.jpg 138,117,185,205,2 
training/1f557932-5435-4662-bb6b-fd78ed4bb643.jpg 70,105,196,243,4 
training/0df9e894-d003-4a17-bb32-27e2f74414d6.jpg 0,78,37,283,2 
training/0aa84b45-40dd-4a5a-a477-ebefdca07ce3.jpg 102,86,197,253,2 
training/1d362f77-447e-437e-80f4-9d50fa456a3c.jpg 140,130,174,183,0 210,125,247,181,2 
training/021a03e7-91eb-4097-aedb-e8587b66e000.jpg 131,102,191,214,1 
training/1dfedfde-21f8-4922-b73c-ce4d5c000660.jpg 235,60,271,118,1 165,72,199,126,1 118,79,148,132,2 
training/0dafd16a-2d29-474c-a79f-77338906000c.jpg 99,148,176,179,5 
training/1b0f220f-1591-461c-ab6a-58fb4b846093.jpg 131,111,189,211,1 
training/1d599035-4c65-4159-addb-58f2b4b064a2.jpg 139,131,180,195,1 
training/082f3ee9-0e82-4b00-8c1f-c6e52918f48f.jpg 135,107,182,193,0 289,127,320,194,1 
training/0eb975fd-44a2-4e32-8bd6-71762d25b826.jpg 133,120,186,214,1 
training/000ca17f-bd22-46e8-b471-8c50c0b617bc.jpg 111,137,212,179,3 
training/0f945be6-499c-412e-866a-1be106adc739.jpg 125,99,188,210,2 
training/0c348e27-bc6a-44fa-be11-5b07d0c428fe.jpg 128,113,187,212,0 
training/19699612-41f0-428d-bc2f-83998784dc82.jpg 78,98,230,169,4 
training/179572c1-83d1-4f1b-bba6-f5ef2adcf694.jpg 43,57,278,152,3 
training/15593a6c-e046-4bce-8d2a-b2aece4edace.jpg 98,120,238,237,3 0,120,102,227,3 
training/17d6933a-df75-4936-9aba-47c6d31dc3b2.jpg 85,116,226,185,4 215,117,320,217,6 
training/0b36c593-6464-497d-9f01-f18d972ef31c.jpg 121,100,195,223,2 
training/04386f8f-b465-4a67-8acf-49b9cdb6ab9b.jpg 138,110,192,195,0 
training/1e6616d5-043f-4c92-9656-664fd23d369f.jpg 120,93,192,228,1 258,146,320,272,2 
training/0719b8a4-4095-4ea7-a688-0aa1f53c7760.jpg 134,111,194,201,1 
training/0c494851-ffa3-4321-a071-ddc72d91cff3.jpg 137,128,177,193,1 
training/07536788-db2e-42e0-9bb0-ad8d51b6f027.jpg 48,123,196,186,4 
training/17abf1e1-b7b8-40fa-88e8-695ecee8a6df.jpg 81,103,141,203,1 
training/1da1b357-1298-4291-b5a6-c4c864d4980f.jpg 127,100,191,220,0 
training/1f01d141-fa6a-4b4a-b9d6-03c333353d85.jpg 111,87,197,252,1 
training/141fd713-e48f-4c89-baf1-385c034f0634.jpg 143,116,185,197,1 125,137,165,216,2 
training/1e42a9e5-21be-424f-be88-75f37ec4f0ce.jpg 137,112,185,203,0 
training/1496a96e-1b71-424e-ba45-4bad4ba35b08.jpg 144,134,173,187,1 
training/1c36af30-c0a0-4e0f-b4d1-535c9d41e3a2.jpg 101,141,182,176,4 
training/09e61fa3-6503-456f-9f5d-b423a88896f6.jpg 90,50,223,275,6 
training/09e87b62-cd87-4121-a69d-95686ef050d8.jpg 119,141,202,179,4 
training/0f88c777-cc79-4174-a303-a832ca197c1a.jpg 142,110,185,187,1 
training/1c73cabc-6a7c-451a-b7f6-b3d65297db7f.jpg 106,144,182,174,4 
training/0db9acb6-a813-471c-939b-9a99c9414f3c.jpg 127,93,195,223,0 
training/0a8cfdfe-e441-4605-bb72-dd7599159df2.jpg 141,145,175,199,2 
training/1eff5def-009d-4e38-b814-75c4ef5fbc68.jpg 116,76,204,245,1 
training/0c6e3a9b-02ba-4f39-bb45-b9446859ebe3.jpg 168,66,320,228,6 
training/0ec01b20-79c4-4737-95ae-3eff710c3e08.jpg 139,114,186,192,1 
training/1d18f727-f8db-4f63-965f-67c65f6ee94b.jpg 135,113,189,207,0 225,111,299,213,2 
training/1a9ec211-aec6-42ff-b6c7-5bcecb244d43.jpg 147,133,173,179,0 71,139,97,187,0 
training/163cdb3e-8a4d-4241-8277-3d11a04c9e79.jpg 111,63,228,241,2 
training/1fc9515b-00cf-43df-8688-45e9f880c91a.jpg 80,141,117,205,2 147,141,175,202,2 
training/0b1d696b-1648-458d-86f6-79ba1a52e1d1.jpg 144,128,182,200,2 
training/0bd6dcd6-536f-4dba-a14e-5d70ac7205e4.jpg 125,152,199,179,4 
training/05d6b8aa-0668-44ae-a0ad-3b4d96a5ce7f.jpg 106,140,176,172,4 
training/05af3e28-322a-49d0-b993-557024b5af1b.jpg 0,43,83,130,4 87,46,256,198,6 
training/150803ca-c7f8-4f91-bced-059b0824af7c.jpg 147,145,171,188,0 66,144,91,186,2 
training/131d182d-c793-43b1-b4ba-6df1f06b0e32.jpg 118,79,203,235,1 
training/162e2b8f-5e92-4ca2-8283-073b699f39b9.jpg 133,102,201,223,1 
training/1ec7ff80-066f-46e8-827f-93afac44a32e.jpg 141,125,178,191,0 281,142,304,202,0 
training/0b0f23cc-bceb-4668-80b7-c3d33db154c0.jpg 132,123,186,224,0 
training/083de8bd-c7c7-488e-a838-a9a42a61f0cd.jpg 126,130,195,191,4 
training/02cc8854-9d4e-493a-9324-005296e1548c.jpg 120,88,200,230,0 
training/1f09c7c0-68bb-4daa-bf05-3a229a2e0f66.jpg 103,71,238,243,6 
training/06335f1e-efbd-4bf1-89ed-833762db349b.jpg 99,58,227,268,2 
training/14d37531-7d8d-42b6-8536-714106bd3e78.jpg 75,130,237,195,3 
training/1f197db2-32c7-4547-9802-048bc4db310c.jpg 143,113,181,190,0 
training/15e43b3c-9349-4c7e-97d8-ce39be862607.jpg 144,140,171,182,1 75,140,101,183,1 
training/1d55c701-8b53-4661-b4b7-4d5295b7667d.jpg 131,117,185,212,0 
training/013a4eff-b981-4252-b3b9-090721e11fde.jpg 138,111,182,193,1 100,0,153,78,1 
training/0f51da84-46b9-4119-8cd3-06ed6eb9991b.jpg 131,112,185,210,1 
training/1add301a-d531-40aa-a8b6-066a7a6d4c89.jpg 102,69,207,245,6 
training/1cda16fe-87a3-42d2-a41c-bed43c85beab.jpg 132,117,193,215,0 57,128,122,220,2 
training/1f22d976-5199-4b58-9daf-da3c868afaa4.jpg 19,128,70,219,0 131,108,179,202,1 
training/0997acc6-4691-488e-914e-1ae43b12bc8d.jpg 104,137,224,183,3 
training/05aad6bd-0189-4f8a-b05e-74e157ceccd3.jpg 137,128,172,184,0 
training/1d66e878-471c-4a25-9cae-2e69cd6e186f.jpg 131,152,166,169,4 
training/0c4dcad0-9eca-4f79-9f6b-b83a233ebd46.jpg 131,111,180,204,1 
training/1e4dba27-7d01-4842-b4e7-e9a6e5a12de6.jpg 173,141,260,176,3 
training/09453f6c-063e-460f-b979-5356106cf62f.jpg 135,125,188,206,0 
training/0b302264-78fd-4770-9874-1df42cef60ed.jpg 70,0,270,179,6 
training/1852a001-5708-403c-ab6f-e170c43210da.jpg 105,64,199,249,6 281,58,320,243,6 
training/16876258-d983-43f8-9df1-3837cb765c68.jpg 143,131,178,196,1 200,145,225,206,2 
training/1766748c-6d8d-4898-a7d1-f467b9c315d9.jpg 63,119,241,186,4 
training/0d0855c4-c874-4ac2-919e-43ce3cedfc4c.jpg 148,137,174,181,1 
training/06e5bc8f-7779-4274-aa9b-dcee898ae21f.jpg 76,0,278,320,2 
training/13935f78-1108-406b-a37d-ab983797a4be.jpg 135,113,189,204,0 39,110,109,203,2 
training/13b8cab5-1324-47c9-9ce7-ba31b26c6f30.jpg 121,88,202,237,1 
training/1e323cb0-98f3-48ec-9cfa-b6e8f1aca679.jpg 141,141,166,181,0 66,143,92,184,0 
training/1be31641-4c25-41e6-86df-579011b9b042.jpg 139,123,178,194,0 
training/09ac87f3-a621-4d81-96af-272ebd4bd817.jpg 130,111,189,218,1 
training/10a3bf5b-7a22-469e-91ee-c5a5ee9a1e37.jpg 155,146,172,178,1 252,139,273,172,2 
training/0d5781c6-525d-41cb-ad1c-1b125f3c2bc8.jpg 58,108,233,216,3 
training/0ee49d98-6f6a-4070-bf82-75e02cb6add3.jpg 137,117,188,208,1 0,141,52,228,1 
training/11bd4d17-4645-44ab-8380-54c208f310f5.jpg 131,116,187,212,1 
training/026ea7e3-dfc8-4dbe-a64a-7abd909178ef.jpg 97,0,208,182,0 
training/0d98055e-05ff-4df9-b85d-877b446e1c4c.jpg 249,122,287,184,0 
training/047d1446-b479-4a81-9fe3-57c7ddeede9e.jpg 66,4,256,203,6 
training/0f14db7e-afd8-47c7-9a76-690b51c7db0d.jpg 138,123,176,195,1 
training/0c9da593-f3c2-44f7-a434-3f09433519fb.jpg 109,88,196,230,4 
training/1cfd84b7-8dac-4a59-b616-1075fadc5733.jpg 62,77,237,184,3 240,86,320,220,6 
training/133da5dd-1574-4605-aabb-df7e2ae4c82f.jpg 139,126,173,189,0 
training/0f7b7bca-03d2-4a6a-a982-12fa1169a24e.jpg 133,105,191,200,0 
training/1b4a8f5c-0829-4829-970e-913b0238b088.jpg 211,126,255,195,2 
training/10777ad4-a22d-40d6-9eb0-462c8c69124f.jpg 127,111,192,210,1 
training/01b99a8f-3d04-4035-b27d-768c80c6fd68.jpg 105,83,200,239,3 
training/1bf6e2c8-ed94-4daa-b5de-813205cdacd2.jpg 179,59,243,173,0 267,81,319,188,2 171,247,200,264,6 95,252,122,266,3 49,295,61,314,2 
training/16b5cebe-8f49-46f5-8d38-2375e2e12e9c.jpg 123,93,199,221,0 
training/0dd92d0e-76b2-4231-8027-1b2ee940bb9a.jpg 118,94,194,218,1 
training/0e5c153a-dc64-4756-a7a2-36810346e7c6.jpg 134,111,192,210,2 
training/05716510-d2e9-48de-8bfc-e384d30e4e80.jpg 143,129,173,187,0 
training/119ab35e-de26-4d89-8866-ee1505f040f3.jpg 171,34,313,287,2 
training/1517f7bb-10b3-4e1c-8874-5c006fdf3c3c.jpg 46,115,209,225,4 254,125,320,256,4 
training/0b9c51d6-5ee0-4a96-a8b8-cbe3adc2cbac.jpg 133,108,189,214,1 18,127,86,224,2 
training/0c8c709b-d967-44ee-adf4-38e5ffe9ce8e.jpg 137,119,180,193,0 
training/129fa001-78cf-4512-999a-4c4c860a52b5.jpg 118,83,200,237,2 21,90,72,232,2 
training/14480f0f-c7c4-46cc-81ae-220eabf7177a.jpg 134,142,165,156,4 223,125,259,141,6 
training/153b8d72-b2ef-4f1e-ae88-d95f85fd7098.jpg 131,118,188,207,1 
training/0f75070b-2625-4578-8cb8-5c8723cd3189.jpg 142,111,185,189,0 
training/0e9530c5-60d8-4292-83cc-6417f52d79ed.jpg 183,80,241,183,1 128,117,192,212,2 
training/1c469968-2164-4529-9550-c8a3cd5219b5.jpg 18,82,296,244,5 
training/172f4e76-0657-4406-a901-240e2c7b9cec.jpg 128,103,191,216,0 
training/0410e46a-f100-426e-af74-74201b00d40d.jpg 125,99,197,217,1 
training/00c8d629-5d90-4a89-94e5-ce1ad59e622a.jpg 135,118,180,194,0 
training/013df117-07a3-4897-ba67-72e151ef3cbe.jpg 80,241,183,287,4 
training/11ddb5f2-cc75-4bab-9d79-4fb963135792.jpg 136,121,186,207,1 2,118,52,208,1 
training/0712c178-969d-46bb-a023-df90a66cc745.jpg 68,106,211,236,4 
training/157a8d3c-4383-4130-a792-bc32f05efaaa.jpg 130,139,183,173,5 
training/1e468771-0c7c-4c7c-b1b8-3d21acb6c33b.jpg 80,122,251,200,3 
training/03b8e8cd-e027-4b61-9e54-48533d9d99a1.jpg 142,106,179,170,1 261,72,318,100,4 
training/1d294e19-6296-4a66-a576-540ee36cf3ff.jpg 177,113,229,208,1 
training/1f2be9fd-32b9-4ea1-abf0-4e38dccbdcf4.jpg 245,144,320,182,3 
training/1b32cdff-b4f0-4dfa-bf6d-13efc996eeaf.jpg 186,137,273,174,4 
training/0fc8268d-0469-42bc-8632-1d4b2c27ff62.jpg 127,104,187,208,0 232,117,303,211,1 
training/1e6eb779-bdb9-4a61-95dc-74c9ff83f80e.jpg 36,72,221,195,4 
training/17c66dd6-0879-424e-b2fb-dae8dd8abbf2.jpg 0,173,30,294,1 
training/1ecf6a9e-33bd-49c7-a7b6-a2e0504807e4.jpg 65,115,248,197,3 
training/1fdee762-574b-4f2d-a197-98cab0555986.jpg 176,143,255,176,3 
training/1827fd06-6cda-467c-9278-be63f2c5c3ee.jpg 134,112,186,207,2 217,123,281,212,2 
training/17cdda74-f862-4880-a571-2e24fbbee632.jpg 93,228,153,320,0 
training/1a9019b2-30bb-4587-9594-60a65f9a99ba.jpg 0,18,190,284,6 
training/0dfe8de5-7326-4cdd-8716-545f2104133c.jpg 88,47,227,270,0 
training/0ede7f27-830f-496d-ab85-b7bcb71880e4.jpg 139,115,190,208,0 264,120,315,209,0 
training/151e3f25-71df-45a9-b920-cdf6dc307245.jpg 190,68,256,179,2 125,110,194,212,2 
training/0768f714-a553-453e-8c73-ac24c3bf918c.jpg 70,1,232,314,6 
training/1bd3e88d-e5c7-4070-bc57-80f99973b3a5.jpg 144,136,172,184,1 149,206,180,256,1 
training/1003a88e-9df1-405e-b39d-69b9b648acba.jpg 141,129,174,189,0 
training/0395388a-3e56-472e-a389-c1586e91fb5a.jpg 95,36,251,261,3 
training/15777963-4c79-4925-8b44-d4c4424c625d.jpg 117,139,206,176,4 
training/0dd11c31-34b7-47de-8299-a0b0082c827d.jpg 53,0,262,316,2 
training/12c41761-9785-4774-88ad-1fc14772e10c.jpg 89,127,180,158,3 
training/11da43e6-21fd-4ae0-9be2-4676d9488287.jpg 132,117,188,212,0 
training/154f3084-3f38-40d1-90cc-6c13ab5d568e.jpg 177,138,289,182,4 
training/1b664666-4ec9-4bfc-af63-f35004f7c03c.jpg 0,54,111,285,2 
training/1740d779-91c8-450e-b64a-c34a3e733020.jpg 65,116,182,161,4 
training/1da87036-36ed-4a6b-a1ef-e7f054322725.jpg 145,139,177,186,1 60,145,89,193,1 
training/196d84f9-13b4-4bd7-9e23-e718e7028ef4.jpg 144,133,176,191,1 
training/11894ef6-def2-4f0b-b244-1162b6013827.jpg 109,68,204,252,2 
training/05cb54dc-b7e4-4665-8112-0fbb82f6116d.jpg 136,117,186,201,0 
training/05ac6c15-af2d-4900-b89f-0467d41c1b70.jpg 150,135,175,174,0 284,0,320,31,6 
training/0fee77b4-cea8-46ab-9409-97d4c5f9626f.jpg 131,106,188,207,0 
training/08d2d810-18aa-4a5a-9c96-0e7370d2862d.jpg 135,116,179,195,0 
training/05986672-de20-4b8e-9df2-60a225c9773f.jpg 194,68,242,149,0 
training/12dc00ab-3393-4ade-b5d2-d4368b6159ae.jpg 115,69,213,241,0 49,93,113,250,2 
training/0aaaf628-f94c-491b-80d6-a635d2f79b34.jpg 87,93,223,229,4 2,94,93,218,6 
training/0479966d-d28a-419e-ac00-161cec6c5867.jpg 23,72,298,235,6 
training/08040b06-abb7-464c-9ba2-b788d01411f1.jpg 160,140,191,195,0 139,144,164,196,2 
training/126552fa-8468-40b7-b949-d2111637eb0e.jpg 126,103,192,218,1 
training/0dc19c2e-b1a9-4d81-a80f-1ca17167f3f2.jpg 91,34,242,268,1 280,30,319,270,1 
training/013009c8-2878-42e2-888e-a33161c1939f.jpg 113,145,195,178,3 
training/09c18bac-f192-4d84-a22a-183967dc94bb.jpg 158,123,311,247,6 
training/119cc06f-e8f0-44cc-9c31-f4efcb90a07e.jpg 117,219,164,309,2 
training/0df7be19-4472-4dc3-850e-7c1ddc024a0a.jpg 128,102,187,207,2 
training/103b8063-4628-44ca-a1b0-3e7f0fb01ea2.jpg 63,79,99,130,1 
training/046996e1-6843-4e4f-a89e-68f4fc595862.jpg 116,134,205,168,3 
training/0dcdb4ee-8670-48ae-b5a2-4b16385485fb.jpg 134,106,179,186,0 
training/1234b2a1-d33e-4f2d-ac1d-afb7c81ea542.jpg 138,128,179,196,0 
training/000b4ddf-04f4-4ae8-8e7c-d3ffb185f4b4.jpg 116,40,306,250,4 
training/01627e33-36a2-4287-97ef-adbda15961f8.jpg 142,123,186,203,1 
training/1170c632-0d5c-4db7-b088-efd461962760.jpg 143,133,179,194,0 98,132,129,189,0 
training/01d21d17-eca3-42e3-92b5-cffac81da66a.jpg 91,13,204,205,6 
training/17f40b77-65d8-437f-90fe-0410fb490834.jpg 108,126,278,236,3 
training/01162985-a7c6-4b6e-99d3-fa1a1d023e29.jpg 127,143,167,160,4 
training/0ec3762d-0877-46db-8110-2830e4721819.jpg 112,117,210,166,0 
training/0f81e5cb-e8e7-440e-826b-7b886b0786d5.jpg 132,124,169,184,1 279,120,317,181,2 
training/07002775-04aa-4525-98b0-f2f72062e009.jpg 50,69,121,199,0 124,111,174,224,2 
training/07d44858-4bf3-448c-a3c5-9945d282e362.jpg 11,1,155,55,4 109,110,192,258,6 
training/0886a4a7-1bb5-4b8f-9c8a-3ea3c8d03328.jpg 132,113,185,195,0 166,237,220,318,0 234,243,272,314,2 
training/1fb0ff20-bcd9-4a43-a1c0-e602edf3a039.jpg 130,119,184,212,1 
training/201ffd96-792d-434c-b811-fcb928ac3340.jpg 120,95,198,220,1 228,104,288,217,1 
training/0f434f13-0227-4b7b-b555-222cdcad8431.jpg 17,136,135,180,4 
training/0e17d968-b519-4946-86ea-80d2f715bdf5.jpg 85,132,124,188,1 0,141,15,198,1 
training/161a2134-01ec-4212-8e6e-daf744c901bf.jpg 143,138,175,195,1 
training/114ed5d9-b795-4826-99e3-144480f96345.jpg 82,118,269,193,3 
training/04f099cb-e495-4f4f-93a4-e943b7de4f59.jpg 134,113,198,217,1 
training/18f2e783-ab31-4ce1-927a-4d17f88e64d7.jpg 63,113,246,219,3 
training/1db79b03-5b9d-41fd-a481-fb97f4f67eb2.jpg 110,59,208,108,3 
training/1c4ac0b0-2279-4a11-91eb-847ae2b7da39.jpg 0,0,291,114,6 
training/011eac43-c2c7-4802-9cd1-f80e12891907.jpg 137,135,180,207,1 227,245,251,256,3 225,282,239,290,3 222,119,273,199,1 
training/0b17cabe-3caf-4597-8c5f-b19c18c31d28.jpg 118,138,200,181,4 
training/004bdf67-1fe9-4157-add1-457f11bb0c09.jpg 129,117,180,200,0 
training/1f526fac-2b49-4344-9e53-977e3499982d.jpg 59,52,241,260,4 
training/01d688d1-303d-45a3-8079-2076af7d3741.jpg 158,0,213,61,1 111,177,119,192,2 
training/1c62e2f2-bc95-468b-b68d-d10ad86f4f7c.jpg 147,137,171,182,0 10,142,29,179,2 
training/17862c79-232d-4c45-91bc-d4489448bba4.jpg 89,142,244,206,4 
training/0b1d7c63-1cbe-447b-85b2-962b73a75675.jpg 142,133,173,188,2 
training/067f4004-8b23-4084-88df-6778ee533794.jpg 46,50,267,154,3 
training/13f37dee-97bf-4461-803d-ad7ee1a3c49e.jpg 129,106,190,213,2 
training/188c6b8c-dbb8-45d7-940b-cc2df77a2e33.jpg 112,92,207,225,1 
training/012ef546-f8a0-478d-9e83-f4256786962b.jpg 137,125,177,194,0 
training/0bd6defd-bea0-4b1e-b00b-d7ff06ab5601.jpg 151,181,265,224,3 
training/195ed152-416c-45a9-9fe6-beb24263aa06.jpg 122,101,192,222,0 
training/037ee22c-1658-4170-ba02-f84fe37bbbba.jpg 132,111,190,212,1 
training/053b8052-4d9a-48bd-9288-92db27013a01.jpg 122,92,192,219,0 184,117,241,232,1 
training/047f2594-daa7-4738-9e98-e9d8414f8fa2.jpg 135,115,190,208,0 
training/07ca9ced-881d-4ddb-986e-d22487dd81c5.jpg 134,105,180,188,0 
training/1d35e41d-9592-4300-9150-dcab015c5d1e.jpg 182,54,243,161,0 
training/08368e3f-2ea3-4c86-990b-f2cc777889ec.jpg 133,106,183,201,0 
training/0cb9ad36-fc60-4d1e-97fa-46319f6634d5.jpg 126,143,166,162,4 
training/06d5bb13-acef-4c7e-ab5f-9dedea40e3be.jpg 52,98,135,243,0 
training/1add50f2-bb21-4211-8144-9ef0080fe711.jpg 131,112,181,206,1 
training/1340cfaf-5558-4eaf-ba92-1dcf31bdd9ac.jpg 180,80,243,191,0 141,121,198,219,1 
training/1066d25d-d860-45f1-b272-f182f99b3f9b.jpg 36,100,225,232,4 209,126,320,250,4 
training/03e2ce1c-acf5-465f-a661-fc3feff73f71.jpg 140,112,195,212,1 266,114,318,210,1 
training/174c8497-e583-401d-98b2-5ad1249b8f22.jpg 115,92,203,228,4 
training/0c5b97aa-c408-4f57-9feb-3fbf78bb15da.jpg 73,8,251,316,2 
training/06357124-08e1-4ad7-8c5e-4b02d3a8376a.jpg 209,117,256,199,1 139,122,187,202,2 
training/1eaf7737-7edd-4f12-b7ff-117dc1c81852.jpg 139,127,177,201,0 179,135,220,203,2 91,26,135,96,0 
training/04bfe08c-41d0-4238-b363-5882bbb8f366.jpg 130,114,182,203,0 
training/11320bc7-f1eb-47f0-acc7-67778553a566.jpg 134,114,186,209,0 14,109,90,212,1 
training/0cfd34c1-8d85-4e32-984e-6c10320a6ef4.jpg 92,148,122,161,4 
training/055304bc-1539-4aab-811a-e12219bbee29.jpg 129,110,191,214,1 
training/006f1f66-60e5-46c3-b74d-22993f0517d8.jpg 128,103,190,219,0 
training/0efcfdea-f5ca-4390-b74e-232c7663bceb.jpg 187,145,228,165,3 58,162,73,190,0 100,169,120,198,2 
training/0a156fca-3159-4b3a-a5af-12a178c40557.jpg 137,128,175,186,2 281,128,315,186,2 
training/134579d5-48ae-4bd2-aca7-5a2309abd56b.jpg 141,131,181,201,1 
training/0fdb039a-0a29-4f9f-b701-88b67423d0fc.jpg 135,126,181,212,0 
training/188b7255-1d16-4ac4-99d7-92c2c0bed835.jpg 130,130,188,199,1 
training/0774e4fd-6d3f-43e2-a9a1-2ef945da1446.jpg 136,115,184,202,1 
training/1646edd4-b49f-4935-97ce-0e306dc738fe.jpg 138,128,188,206,0 
training/016a05e3-91c0-4685-b3ad-892ff8d31353.jpg 137,114,181,193,0 
training/20246279-0839-482e-8e53-290b935a3700.jpg 96,140,187,177,4 
training/176aba35-95ec-466b-9806-e90b170c7e3d.jpg 126,221,192,320,0 
training/179280c1-4a8d-44a9-adf4-ddc827001c9f.jpg 102,67,215,174,6 0,70,72,140,4 
training/17688352-7e5a-4875-a6d0-9325a4c4f032.jpg 129,102,189,214,1 76,111,119,208,1 
training/0b2a1950-8804-4db3-84b4-e111448e485f.jpg 129,107,188,214,2 
training/0aa5e030-c907-4ae2-a6ed-e0d0eda04c6c.jpg 174,40,242,151,1 132,49,188,158,0 
training/1b53f5dc-ce30-4891-b573-337bcb8f33f4.jpg 99,119,139,192,1 
training/107163ea-3e29-4114-8c89-02872e17ea46.jpg 117,93,201,231,1 
training/0a83aa71-6a24-43a8-811f-68c33c818e74.jpg 162,115,307,256,4 
training/14b42bbd-5399-4cc3-8321-abc347eb082c.jpg 142,129,199,208,2 
training/1abd3dba-e2a8-4d1e-997b-9568e5667ea1.jpg 99,57,217,274,0 
training/1ea0bbd0-9012-467e-90fb-d15f2f29894b.jpg 124,101,192,226,1 
training/161ac23d-2a8d-47ff-8534-34caa483deba.jpg 231,133,297,159,4 
training/0860a7c0-d96e-4873-84c5-8b2135318106.jpg 238,0,320,113,1 
training/0701b881-74ce-4a5e-b8e9-f5fd787b1566.jpg 0,102,158,199,4 
training/028c339e-fdbd-4f6f-b6d1-dbc3f0756534.jpg 117,70,208,243,1 
training/1ca9a804-e0a6-4490-8c56-ef27f06f0b8f.jpg 135,127,175,201,1 
training/1769f49d-b427-4b9f-af85-0d90d1047de0.jpg 117,96,199,238,2 
training/1c27f2ee-4cfb-4090-8ede-e705a5954484.jpg 128,110,192,218,1 5,114,75,224,2 
training/20113871-0123-4050-8858-022a7f788b63.jpg 126,105,190,225,2 
training/1e8098a6-995a-405f-a7d2-7a2e2629ba53.jpg 125,106,185,216,1 
training/1f8d8444-421b-4fd5-8e18-96da47974664.jpg 137,126,174,195,0 64,126,102,195,0 
training/140f46d1-237e-4fab-a777-c6b1c0905343.jpg 49,69,214,319,4 
training/1b53d00f-02b1-480c-9e5b-e08174063845.jpg 132,130,190,230,1 20,150,84,250,2 
training/03c2b310-57ac-446e-97c8-2ebaf0f75209.jpg 135,109,185,212,0 241,118,297,204,0 
training/09860f77-4016-4472-bffc-c594a7a7e0ff.jpg 133,133,190,234,1 3,157,59,247,2 
training/0b24ed79-9eac-4e22-86a7-93cc945c39a3.jpg 132,101,187,211,0 
training/107af74e-a89f-4034-b0ae-3f3b97481951.jpg 115,96,156,162,2 236,103,261,163,2 
training/11750c96-ea80-446b-bf3c-0db73f0fbefa.jpg 108,9,220,223,0 
training/0a9dfdb4-ca21-4acf-9c30-a33a2fdb8a8e.jpg 22,102,300,240,3 
training/1c1457fc-116a-4806-8dda-a9d3dbd7bf85.jpg 123,101,200,218,2 197,108,259,222,2 
training/1f02309f-e7c9-4735-9102-7f7725222281.jpg 136,125,187,206,1 
training/1b49baba-53a0-49e5-ab78-3c50cd6b1ee6.jpg 116,72,215,250,0 
training/179b5b4e-2b08-4935-9868-f0964228ef5c.jpg 134,131,171,200,2 
training/0ad63813-3395-4cf3-8d57-955e1d346f19.jpg 113,90,210,248,2 0,25,77,84,6 90,20,179,87,6 
training/1fa9f437-bd4c-4f84-b0bf-df47ef0e03fd.jpg 120,143,209,179,4 214,105,290,161,4 161,288,189,320,1 231,291,271,320,2 
training/1de3725c-5365-4bd8-a0af-29b8bea7bd2e.jpg 135,119,179,201,1 
training/07ac20c1-43cf-4783-8d81-7bfb52409a62.jpg 111,78,142,100,4 299,11,320,89,0 204,4,257,83,2 
training/0631cbf5-aaf5-456a-a4c6-126c1bee41ae.jpg 123,88,200,222,0 
training/1b7e170f-cefc-4d54-86a9-51ece4d83024.jpg 116,98,194,226,1 
training/080d460a-6a9c-41d7-916b-4ac856bb663c.jpg 135,113,185,202,0 
training/06bf3b3c-f913-4611-8f69-ae8fbc073f50.jpg 128,101,194,221,2 
training/0e3fbf34-037e-491f-af77-ed348f2e748c.jpg 68,46,236,267,4 
training/14be1d50-9191-43c6-84a4-8fbbb41f63cb.jpg 124,106,185,225,1 
training/1c064fa1-99a9-4732-93e0-69140920ff16.jpg 136,122,176,193,1 
training/1cfc2c1a-8628-49a4-b231-1508fa9f4edc.jpg 155,139,184,196,1 
training/0d403270-dc92-489b-a848-c218665f2d04.jpg 131,112,184,209,0 229,92,296,192,2 212,221,247,240,3 
training/0eef7bd2-e23a-43f3-a18b-ab70a9c1604e.jpg 132,110,192,213,2 
training/00024460-0c50-4968-a619-11144d246059.jpg 137,131,181,205,1 
training/18d735d5-74f1-4a4a-ba5f-8de5a1a31b4e.jpg 115,99,197,232,0 
training/16b9f56e-1e90-4632-b77d-652275c56cb4.jpg 218,125,257,188,0 142,127,178,190,0 
training/0bdcdb81-b147-4d3c-9f18-88b2cf3aa1a9.jpg 107,127,137,190,1 141,130,172,190,1 70,110,106,170,2 
training/09e907f3-4007-4a20-be54-b0ab56434355.jpg 130,107,195,220,0 
training/1877cadd-7506-40fd-bb9d-15785fc6d48c.jpg 76,233,112,294,1 233,12,286,71,5 117,11,188,68,5 
training/0bd9885f-f67d-449a-b710-3c2460acedd9.jpg 132,107,181,201,1 
training/1fa7660d-6b44-431d-8daf-9eeab6d59e8b.jpg 109,75,194,238,6 
training/158b8012-4fc6-4f63-a09e-73cdd72e57e4.jpg 127,116,184,199,1 281,98,320,183,1 
training/0e7dfc85-5f57-42e5-aafe-efbc5b4c944e.jpg 127,99,199,226,1 
training/1c14ac3c-3adb-4830-886c-961fe08bebee.jpg 136,119,183,202,1 
training/012bb69b-aad4-4bd2-a7b0-c269e13db9f5.jpg 141,131,176,185,1 0,122,19,178,1 
training/11698508-16fe-42a6-b974-bb898eec638f.jpg 119,90,202,229,1 
training/03af273d-6a21-41f3-9815-68a9e6792b5e.jpg 124,141,213,174,3 
training/06f1eb02-1000-4c80-900f-517801fe49b8.jpg 123,90,191,225,6 0,68,72,169,6 
training/0b8cf8a2-cb67-4681-b5e4-819bf721d0f7.jpg 145,131,178,192,1 202,214,241,277,1 189,224,211,280,2 
training/0a4a279f-ea08-49ef-b503-05cecb8dca41.jpg 137,123,185,207,1 
training/16d22eda-a9c6-41bd-82da-9cdd16d7a384.jpg 143,139,172,195,1 
training/104c46a1-ff91-4ebd-852a-132a340ef2ad.jpg 137,125,183,207,1 258,146,300,224,2 
training/0055948a-c690-4ceb-b460-d3d9b03102b3.jpg 54,133,106,216,0 
training/0a48e6ca-8a2e-48fd-a9e1-05020fa1c9ab.jpg 133,110,189,209,0 254,117,313,208,0 
training/067b0992-0791-481f-9abf-c6b7ff2d7c33.jpg 132,110,180,190,0 
training/02576995-a491-4933-a32e-cc9336d7e6e2.jpg 144,123,177,182,0 
training/06b5dd4d-9106-4c11-af5c-ce48a5fcf89e.jpg 143,140,170,188,2 
training/153f21cc-4425-4ea3-88e1-2cb59245e292.jpg 132,111,189,213,2 
training/0b3e4c94-85da-4ba7-bd86-59e0b6d1f7d3.jpg 144,138,171,185,0 
training/10f46df5-c8bd-4ae8-adfc-59a0aae99be2.jpg 82,1,200,97,4 
training/0312d76b-e649-43ff-b706-69531d25194f.jpg 131,106,188,214,1 
training/15e66e07-a92c-460c-bdc1-6bb3746dd7cc.jpg 182,132,320,191,3 
training/13dbf843-f31f-4f36-bfea-01f0a11ec194.jpg 129,105,185,215,2 
training/0b2207be-288f-42a4-b463-e62ac3fe5068.jpg 108,74,215,265,0 
training/1e5a8e04-5c1c-4311-bc48-93e54bdc631c.jpg 135,111,187,203,1 
training/17a0d5e2-4dd0-4234-b6f8-b12e93105e7b.jpg 121,102,197,233,2 
training/1066a10e-75b7-4b03-b7ed-084044002e36.jpg 149,145,167,174,1 
training/0a7e470a-bb56-450f-9d8d-f6a0ad3812cf.jpg 68,107,114,190,0 
training/12d397f5-dc7b-43aa-8b2c-b61433111e85.jpg 142,117,197,197,0 
training/0e7e7437-b3f2-4335-9fe7-c6dee027f6a5.jpg 135,118,180,200,1 0,105,44,196,1 
training/1030cca9-9086-47fa-851e-11aa84e30528.jpg 0,87,63,236,0 125,99,178,229,2 
training/1400bdc8-9532-4ecd-be5b-4bc01e3829b1.jpg 145,142,179,202,0 
training/111df7de-b35b-4b7a-9cd9-455934a5110c.jpg 71,0,304,312,4 
training/13f61ffd-585c-4990-a0b5-a58bb9878c30.jpg 152,151,181,165,3 223,0,299,16,4 21,134,44,177,0 
training/201be414-106d-4402-aa52-0453df5e8042.jpg 0,22,234,171,6 
training/1a897c14-e948-47db-8683-329263f184d3.jpg 117,82,198,229,0 78,99,127,226,1 
training/1ed6a252-e481-4c0f-951d-9957511da7f2.jpg 116,82,186,280,4 202,217,266,320,1 
training/069e3322-51ee-4281-9b9b-bc9e6ebc65fe.jpg 221,123,265,210,0 131,110,186,200,2 
training/075e858b-55b5-4e0f-b210-63058edea48c.jpg 59,109,256,213,3 
training/09e56342-fbdf-49bb-8723-cf51a2887c28.jpg 68,122,186,244,4 
training/029c718b-a3e1-497e-afca-79f9d1fee825.jpg 146,128,182,195,1 188,125,224,201,2 
training/05ce3482-5ebe-4bbd-9765-8793434cc04a.jpg 142,129,166,187,0 
training/0b6558a8-58ac-4983-b02c-a733155f1ae8.jpg 137,111,193,206,0 0,139,25,229,0 
training/08af7c08-0ee3-4167-a06a-24b1d9cc7946.jpg 124,111,185,208,0 
training/088ae830-58d3-4629-afba-9008d94c4936.jpg 150,142,170,181,1 162,8,209,38,4 
training/1923c636-35b7-4138-9b53-df7fdbc21487.jpg 96,107,223,212,6 
training/0bb5236c-3ab5-453b-b257-b56a9536c4d0.jpg 117,82,203,244,0 
training/0354d5a9-d6fd-4321-af86-31e1964dde46.jpg 121,95,195,228,2 
training/01f8ee7a-2db8-429c-8634-3569f3a609df.jpg 143,134,171,180,1 
training/1c59165b-564e-4db2-b9cb-7c7afa044b5a.jpg 126,104,190,217,0 
training/1cdcdbd1-0231-4094-86d5-0d8d3a78b41d.jpg 126,100,189,224,2 63,106,133,234,2 
training/1c804705-9b6f-47d5-8daa-3fa4d1a99542.jpg 205,125,255,214,0 127,116,193,211,2 
training/0dd61776-d7b0-4c4c-b59b-065e7c6457cd.jpg 102,99,201,207,4 268,96,320,208,4 
training/0f801175-d7a7-4f89-aaf8-40b54d519ebe.jpg 101,118,223,176,4 210,120,320,216,4 
training/12008605-d8de-4541-b321-209c04eb2e09.jpg 298,172,320,231,0 
training/1242a5c7-d17a-403d-8122-85d3158d1cdf.jpg 61,3,306,196,4 
training/03b494a4-784f-41fd-a3c5-51bacfadbdfb.jpg 135,117,185,207,1 278,128,320,214,1 
training/0f758195-17ee-45e4-99f8-b551d516c6b0.jpg 42,78,129,220,1 
training/084015ed-1314-4670-8dfb-afe8391ef53b.jpg 134,120,185,216,0 217,0,264,83,0 
training/11f869c3-f184-4890-8224-b8528fdf9b05.jpg 135,125,171,184,0 288,123,318,183,0 156,140,189,196,2 
training/081f92f3-f7d5-4c52-ab14-8e81fb2f55e7.jpg 115,117,209,178,4 
training/1766747e-35d0-4998-96fd-b3c8c03be133.jpg 134,117,190,209,1 203,134,251,219,2 
training/1fc21a8e-19e0-4617-a1e8-5ecc0e7db3c9.jpg 134,137,229,182,3 
training/15c20a7a-0e2a-4406-9591-5e46f7992205.jpg 135,133,181,209,1 
training/1b99fff7-14bd-41a3-bbb9-cde90ea4b7f3.jpg 107,65,219,261,2 
training/132e43c2-a083-496f-93d5-2ab8f2ce5be2.jpg 221,100,320,148,6 
training/0ae898c3-e260-4b98-a008-a66bc9a6677c.jpg 92,47,233,141,4 
training/110ebf8e-2d20-492f-a133-950d95cb60f0.jpg 133,114,187,203,0 
training/0c398c08-5626-4b8f-bd05-ff7509887beb.jpg 147,150,182,167,3 216,184,236,221,0 293,64,320,142,0 189,184,212,216,2 62,193,89,205,2 
training/1e53aba1-f57e-4694-9375-40c549a4d8d5.jpg 135,121,181,199,1 
training/0a41bec1-1d01-4b81-b10b-bc7d2f43a580.jpg 146,135,173,185,1 227,131,253,179,1 
training/19c0f19b-d4eb-46e7-b35c-32b18eeeb06b.jpg 132,109,186,199,0 
training/058b9ed7-9a15-4692-8e97-c73a223866de.jpg 134,111,189,208,1 
training/1bcb078f-d1bf-445a-b034-6cd0297aa52a.jpg 122,130,215,169,6 
training/0fc0b410-7898-47ad-bf00-f31a2dd511ee.jpg 117,91,206,242,5 0,66,74,177,5 
training/166265bd-c5af-4097-860e-a826375b3fc7.jpg 124,104,194,227,1 
training/170618d1-2a13-44b9-ab93-67f6dea82993.jpg 103,134,217,178,3 
training/1c2fc3c8-a3f6-4b4c-981c-01b9793cd5d0.jpg 67,80,152,232,0 152,96,236,240,2 
training/0eb293d6-414f-46aa-bbee-195259097e88.jpg 144,132,178,192,1 
training/1bb78565-d5da-46cc-b970-01f5506f0f0c.jpg 110,136,173,161,4 
training/0c3152f1-8640-43e0-a50a-4c5df679fc20.jpg 147,127,177,187,0 
training/0f4f12d5-2679-4395-9d60-ff5f5ba84bec.jpg 215,114,320,201,6 
training/0a80945c-dccc-4639-a1d3-ed8438d99847.jpg 130,152,165,168,4 
training/015cdbda-f433-4061-8db6-56e776d2e4cd.jpg 143,113,189,192,0 
training/2012426e-cb55-4ed3-bdb7-b4f7ab4f4d73.jpg 126,108,191,220,1 
training/1d3e3d54-ee0c-47e0-8d33-74153dc084ca.jpg 118,80,210,242,0 
training/00ab11db-2e79-421c-b5dc-fe6b8e0e4751.jpg 135,127,177,203,0 
training/17b9ffc8-3661-4714-aec5-c25d86831f65.jpg 138,122,183,211,0 
training/19b554f4-ea00-4973-a266-5e655a53b4fc.jpg 161,95,315,253,3 
training/1495349d-fbf3-4471-84d4-32558ea4a23f.jpg 49,100,275,220,3 
training/11910236-0a02-4be1-ac98-44d1a9b74ec6.jpg 135,121,182,204,0 200,109,234,193,2 134,262,139,273,0 
training/06159570-d5c3-404b-a7b9-4e514db6c1d5.jpg 87,118,231,175,4 
training/086f005b-306b-4866-8db3-a1d3dc241f8d.jpg 224,67,299,183,0 145,110,223,216,2 
training/0f88df08-bc98-4392-8c6c-0623b682c9ae.jpg 137,127,174,185,1 
training/0d724d19-7255-49f6-a60c-31b370bd99e3.jpg 108,145,204,183,4 
training/0b0798f3-b293-476a-a3b4-720a87e400cd.jpg 20,128,62,188,1 142,131,183,192,1 
training/0fb05f71-bc37-4927-b6fe-6cc59f423a56.jpg 59,0,274,191,6 
training/1c6d8e39-57c4-48a8-bbea-a8515a5a7703.jpg 129,75,194,199,0 
training/19155dbb-96d6-4a04-8e07-f591d26e91a3.jpg 145,137,168,179,0 185,130,204,173,2 
training/0594795f-1d29-4a39-a7ac-ff13f741f262.jpg 90,58,221,283,2 
training/16fe3608-d52c-4bec-9161-59032255a626.jpg 212,77,283,186,0 147,120,201,211,2 120,132,172,225,2 
training/02af64b9-4f49-4db2-b245-7eceed442d14.jpg 74,0,134,55,0 0,0,36,77,0 148,128,175,140,4 
training/1b52926b-d8de-40b4-bfa0-240e55ecc3a4.jpg 128,108,187,206,1 
training/0ca430c3-475f-41bf-a274-88cf0d62eea4.jpg 214,112,256,191,0 142,125,189,195,0 
training/195c6901-00bb-4a15-8e5e-2c031293114e.jpg 102,132,185,163,4 
training/0fc16456-770c-4680-a818-62c13f6b3589.jpg 118,218,171,305,2 
training/16707484-62ca-42c2-93e1-6cc1163d222a.jpg 34,121,203,194,4 
training/1149e7ae-4274-4228-a03b-c437b003a33f.jpg 131,118,185,211,1 
training/13355b68-253f-496e-80d9-4ce4ef5ba192.jpg 130,97,188,218,0 
training/0d664145-5ff3-487f-85aa-4c749840532e.jpg 91,117,180,158,3 
training/1290e13d-a6de-4d67-a533-9cc6f3242b08.jpg 115,97,192,230,0 
training/01d90350-e5a1-4e01-8042-bb3204547691.jpg 100,150,172,177,4 
training/10f60a50-ce3c-448c-b9cc-548fdeb4fd29.jpg 108,136,219,183,4 
training/16b8bdbd-00b9-4e24-9cce-86bf43e6ce8b.jpg 115,85,206,238,2 
training/19c08647-e6e8-452e-84e1-0d9c3e611eec.jpg 87,135,139,228,2 
training/0611a6aa-1b4d-49bd-8b9a-ace3e0bad31b.jpg 139,143,221,179,3 
training/03e9acaa-0842-499a-aac9-b8a00eb9e47d.jpg 111,82,201,242,0 
training/1c81fc2e-4125-4cc9-bde8-6889be1c7656.jpg 141,122,181,189,1 
training/18d510b5-e798-4bf1-9bb2-5e88e426e6f1.jpg 120,76,205,250,0 
training/1a49deec-0a18-4894-9631-1e964ee9bd8c.jpg 146,135,177,185,2 0,125,32,178,2 
training/178bfe6c-9573-483a-886d-68cedea0cb92.jpg 117,94,198,231,1 
training/05364d79-941c-4ac0-b6ff-e46e649463c9.jpg 137,152,171,167,4 
training/1d3ba5db-357f-4a36-be63-61bedcca5e47.jpg 54,109,240,216,3 267,139,320,267,6 
training/1b3bf26c-75e1-4943-a7b8-b6dbdc10f4fc.jpg 183,71,282,248,2 0,45,105,234,2 
training/18270985-d5ac-42fe-a356-c3ebb6e3cce7.jpg 130,113,189,212,1 
training/17c966d7-d724-43c2-8c13-a1fd451f2c1d.jpg 205,101,253,183,0 139,124,197,198,2 
training/07bc67bf-f614-4d70-a8e5-4f6e9b30bd2f.jpg 142,132,175,196,1 13,133,50,194,1 
training/03a47eb9-56c3-4e9e-8ab9-d4d529750087.jpg 102,99,257,248,3 
training/0e1853cf-dd56-42ac-936f-4bc5b1b796a7.jpg 130,109,184,205,1 
training/1625d9f3-dc5c-4786-a62a-774a256ab5e8.jpg 126,102,188,208,0 231,115,304,209,1 
training/0d185d64-f051-429f-a54c-150f6a7e9f94.jpg 96,0,228,121,3 0,0,82,130,3 
training/162aacdd-61ec-433d-9642-cbb61860454f.jpg 148,152,189,173,3 
training/125dba2b-05d6-4f84-a858-abc7df4961ba.jpg 0,8,32,106,1 211,118,260,210,2 142,128,194,211,2 
training/181a8df7-084c-4a49-b908-89e8463d68d5.jpg 135,121,184,206,1 
training/0dc070cb-17d2-412c-a9dc-57c24d24d526.jpg 130,103,190,214,1 
training/03bc8c0d-d4af-4b59-aa1e-5fd41d71800d.jpg 110,72,208,247,1 
training/110e9592-5aaa-4a87-a922-ca05ab4216b5.jpg 128,119,185,218,1 
training/1f0b2c9a-b5f9-4d28-a215-c486106ac968.jpg 131,111,188,207,0 15,108,85,212,2 
training/0b87c54d-a4e6-4004-97f5-766751a4828b.jpg 131,109,185,208,1 211,109,278,207,1 
training/0f282532-dcea-4203-9199-b6dd7e895078.jpg 113,134,208,182,5 
training/0f4a8dd4-ed83-4832-bd28-d97a44fed836.jpg 149,144,222,173,0 
training/1c7d94c5-e8b4-46f1-8db5-70547234a08b.jpg 0,124,37,146,3 
training/02c43374-6f04-48e7-ac1f-46bc79126d89.jpg 123,91,200,226,0 
training/172dff75-8ce5-4fe8-85b8-9be4609518da.jpg 134,118,180,202,1 0,106,44,198,1 
training/1d900cb3-5bd4-4412-bb54-48534ef9b5ac.jpg 154,142,181,186,1 
training/1e839c8a-154f-4585-bbcf-c45458588c49.jpg 138,118,181,203,0 218,118,273,213,2 
training/1ca8604c-a8b2-4a2b-a2c1-da5d20514028.jpg 133,129,177,204,1 138,208,163,223,3 57,244,69,262,1 
training/10ecb42c-7501-4fb1-99ea-71d2169fa2bc.jpg 88,0,229,225,6 
training/13906580-6473-4c14-9728-a2231144b140.jpg 137,116,189,210,0 
training/1288d27b-7428-4903-8b8b-0c3e6dbc841d.jpg 79,130,124,216,0 126,117,188,208,2 
training/0037e543-8d4f-49f9-a60f-8b95b2a6095c.jpg 131,130,176,194,1 303,135,320,200,1 
training/0f7683c0-29e3-45e2-822d-a42a33e6845a.jpg 138,131,176,197,1 
training/1228025a-3d7c-4c20-b968-ae213fa9c989.jpg 136,115,182,211,0 
training/1e5e547d-caab-44c7-94a7-1b4f86ad9b60.jpg 138,130,174,188,1 278,126,311,185,1 
training/049e29c8-ce1b-4111-9390-ca8bcd473b2b.jpg 122,142,215,183,3 
training/091469c8-8370-49ce-b0ba-826bc0aec930.jpg 140,122,227,156,4 
training/114cd0ac-3148-4dbe-9635-56abdcec4398.jpg 135,112,186,204,0 239,118,291,206,0 
training/1d916a04-5205-47d7-bd2a-fc44139c87b8.jpg 145,133,172,175,1 
training/02612ac4-a3e1-429a-913c-b0e4e73637c0.jpg 259,102,317,205,0 
training/01d2fdd7-f38d-4668-b3de-7292bd6d29f2.jpg 142,151,166,163,4 295,132,319,148,4 
training/0a06f11c-20d1-4cab-a61a-0ce429e16e9d.jpg 131,109,188,217,2 
training/1b0f5ef1-2dcb-48ca-825b-994ea99b21e6.jpg 127,141,189,165,6 
training/1df494d5-38ab-4d74-91bf-12785497ccb0.jpg 105,126,225,178,4 
training/19ba9c58-0344-4917-af0d-16141ad66199.jpg 136,122,182,202,2 
training/135825f6-75a6-4bc9-904d-79b8ebba024f.jpg 137,117,179,201,0 
training/077c6ab2-1717-4713-b75a-39912cb93401.jpg 125,102,196,214,0 
training/1afeb918-603b-42f5-aea8-3b4085211d97.jpg 150,138,243,178,3 
training/005b17f9-c363-4965-aa5a-a2448d6dcd24.jpg 0,0,250,258,3 
training/03d85b0c-6500-4b79-9ee0-17dde4003ad6.jpg 63,103,192,155,4 
training/19b13565-2211-4046-b859-a77473ee37fe.jpg 128,104,194,211,1 
training/1b21d8b6-8efe-430f-ada4-e4bf0ee3f510.jpg 144,138,184,199,1 
training/095201b1-82c1-468b-9637-2d8d7fb2fc35.jpg 137,123,188,208,1 0,136,40,223,1 
training/155af688-5b47-4b14-aee6-240aec963350.jpg 136,139,166,188,1 200,143,230,192,1 156,98,193,143,2 
training/1c72d007-13ee-458c-ad2d-4abe35c72a9c.jpg 182,94,260,230,0 
training/117ebc45-0c46-4069-81be-0ae2a15dcb41.jpg 138,124,176,193,1 
training/1ba6bdc5-3145-445a-beb5-3c16b962ffde.jpg 129,102,196,220,1 247,111,320,222,2 
training/1b2b46e6-4a51-4393-843c-b75e4d979238.jpg 133,89,188,198,0 
training/1923987f-86df-4fc6-bf6b-010b5d1e61d0.jpg 129,109,187,209,0 
training/056b413a-daac-4e35-aee8-5164a5087f41.jpg 40,11,278,258,6 
training/190a79da-c67a-4977-864b-79ae778f1067.jpg 126,105,195,228,1 
training/17584391-7517-4bf9-8ca8-c3f0ef7dcd10.jpg 141,122,181,192,0 73,130,116,200,2 
training/1cc35be4-7b31-4469-bdc1-7b1047111474.jpg 124,95,191,220,1 190,117,240,233,0 
training/1d538c7c-480d-47f3-8c84-99f71ebd3e65.jpg 125,103,195,217,0 
training/1d9c1af3-b441-43bc-bb05-ce41c9ed58c2.jpg 136,116,186,206,1 282,253,313,268,4 
training/0a03a868-4478-4622-82c0-4eefe00a3609.jpg 124,97,194,229,1 
training/01726e3b-6cd6-48f7-9485-84fb225ff167.jpg 144,118,228,157,5 
training/066c3f39-6aae-4d88-871a-1d8ef22be7b0.jpg 148,145,172,180,1 266,2,303,50,3 
training/1ebad931-4108-48aa-a040-df1f5af8ff54.jpg 190,100,256,214,1 
training/188a8223-5d69-48cf-b843-f6c8c7f28943.jpg 129,102,190,210,1 
training/1c928066-8d3d-4451-9345-be3e1922b325.jpg 227,67,301,187,0 145,115,224,220,2 
training/0aa7be7d-d18f-4756-b6c7-b30741a4e53f.jpg 127,108,189,219,0 
training/032ddd03-913e-410f-bee8-72f7885148ce.jpg 111,80,189,228,6 
training/14e6c257-1ffb-49b9-8c9d-79f56ed8f45a.jpg 130,103,190,211,0 
training/1d106a2e-ce63-4859-a9a9-98d3d7e31968.jpg 131,108,187,208,0 
training/1a9c7c8e-62f7-4df2-8b2f-a962230df0a7.jpg 136,110,185,204,0 
training/1309f38a-2bb7-49a4-b909-c8a2ce6daffa.jpg 68,117,184,159,4 
training/174490df-eadd-4e41-a260-55953383ce21.jpg 123,102,185,218,0 
training/093625e9-9c77-4c16-a79f-84f13d1690a2.jpg 147,139,172,184,1 
training/178a37db-8559-4be1-8dc1-293cfcf988af.jpg 135,109,193,203,1 
training/1464febd-22c8-4275-a67c-3538545d0e24.jpg 143,125,173,179,0 
training/0ea4a88f-d59f-46dd-a9c9-7c26e3b353b7.jpg 129,106,191,220,1 73,186,126,268,1 0,208,39,288,1 
training/08842997-c2cf-4bd0-8c4d-0ce99983aa4d.jpg 97,113,244,206,4 
training/05e35ebd-f665-4f7e-91b0-24945c818477.jpg 55,129,111,216,0 120,110,181,198,1 
training/16396add-a002-4faf-bad7-38ae6e3181b9.jpg 54,115,206,220,3 256,130,319,248,6 
