training/00010.png 111,234,270,408,5 
training/00010.png 202,30,374,214,4 
training/00009.png 28,14,201,206,0 
training/00009.png 218,6,385,200,0 
training/00009.png 218,245,379,415,3 
training/00009.png 23,239,188,412,4 
training/00008.png 27,16,192,200,1 
training/00008.png 197,13,368,201,0 
training/00008.png 189,229,353,404,4 
training/00007.png 249,1,313,65,0 
training/00007.png 186,1,248,67,0 
training/00007.png 305,64,371,135,1 
training/00007.png 246,63,307,134,1 
training/00007.png 185,63,247,129,2 
training/00007.png 121,58,183,123,2 
training/00007.png 367,132,415,195,4 
training/00007.png 308,133,366,198,4 
training/00007.png 248,132,308,199,4 
training/00007.png 186,132,248,197,3 
training/00007.png 127,130,185,197,3 
training/00007.png 64,127,126,192,3 
training/00007.png 3,125,64,191,3 
training/00007.png 376,260,415,326,5 
training/00007.png 319,263,376,326,5 
training/00007.png 265,265,319,327,5 
training/00007.png 378,329,415,396,5 
training/00007.png 323,329,378,398,5 
training/00007.png 265,328,323,395,5 
training/00007.png 209,262,262,325,5 
training/00007.png 208,325,266,392,5 
training/00007.png 154,260,207,322,5 
training/00007.png 154,325,209,391,5 
training/00007.png 98,324,152,391,5 
training/00007.png 42,325,95,392,5 
training/00007.png 1,326,42,397,5 
training/00007.png 102,259,153,322,5 
training/00007.png 48,257,100,323,5 
training/00007.png 1,257,50,325,5 
training/00006.png 189,9,366,184,1 
training/00006.png 20,11,183,194,1 
training/00006.png 164,223,339,406,4 
training/00006.png 9,218,162,402,4 
training/00005.png 77,21,251,200,2 
training/00005.png 254,18,409,188,2 
training/00005.png 217,220,377,405,4 
training/00005.png 50,215,216,399,4 
training/00004.png 202,10,375,191,3 
training/00004.png 31,11,199,189,3 
training/00004.png 197,208,378,393,1 
training/00004.png 23,217,193,403,1 
training/00003.png 69,24,237,201,3 
training/00003.png 242,14,397,188,3 
training/00003.png 227,220,389,392,2 
training/00003.png 53,227,227,403,2 
training/00002.png 150,175,267,306,2 
training/00002.png 290,10,383,132,5 
training/00002.png 169,8,256,136,5 
training/00002.png 40,9,131,131,5 
training/00001.png 78,5,188,113,0 
training/00001.png 267,5,379,116,0 
training/00001.png 189,25,267,113,5 
training/00001.png 277,110,384,215,1 
training/00001.png 83,109,192,211,2 
training/00001.png 26,211,134,324,3 
training/00001.png 135,211,236,322,3 
training/00001.png 236,216,343,326,4 
